0.502443351315 0.513818726109 0.372489699040 0.670362161443 0.402464244751 0.368399592897 0.092716615888 0.138724714408 0.859722558731 0.660921722953 output 1 3 4 2 5 1
0.801285093497 0.331102612995 0.899636915252 0.556877876688 0.778878759514 0.088506978597 0.922907010167 0.288389954370 0.907828331670 0.923884874449 output 1 3 4 2 5 1
0.181556914496 0.647610908793 0.591488937756 0.160607069378 0.917234289665 0.399002323065 0.941659021499 0.451243163919 0.912382755087 0.943597408076 output 1 2 3 4 5 1
0.099129080573 0.841012567405 0.982678557234 0.710513267177 0.975121901555 0.315209041896 0.396190667898 0.602205895425 0.446437198416 0.330706892019 output 1 4 5 3 2 1
0.400147201334 0.648456655191 0.230986045494 0.397328127961 0.080794714842 0.886240375170 0.229176492765 0.274823561256 0.497451127880 0.352925896946 output 1 5 4 2 3 1
0.963770809233 0.378495811375 0.922222747326 0.408820092894 0.282761349684 0.757044281170 0.086396684819 0.124891602178 0.434499792898 0.171606280970 output 1 5 4 3 2 1
0.660046203657 0.619820220744 0.212006810138 0.736589909053 0.940384345045 0.363973245037 0.086452422533 0.543517297029 0.249730853859 0.760110699892 output 1 3 4 2 5 1
0.824193100583 0.547152683388 0.431380064434 0.607010346634 0.787395618733 0.411800780913 0.659832916791 0.922359050912 0.102977316161 0.317462050952 output 1 4 2 5 3 1
0.966932656337 0.272634668935 0.054165927175 0.303314292256 0.729782546591 0.366954884189 0.219295501998 0.969519525483 0.579158821999 0.581094528173 output 1 3 2 4 5 1
0.694235042338 0.682099424850 0.507199445829 0.650033250365 0.539232047455 0.851347266068 0.456925933472 0.769702971139 0.078775152742 0.352760288212 output 1 2 5 4 3 1
0.003226603567 0.579184088724 0.574940795964 0.347087715340 0.949574299783 0.444908470394 0.077139383329 0.604424903707 0.682725900567 0.056848847871 output 1 4 2 3 5 1
0.314422007891 0.863481423402 0.561800025143 0.291827981218 0.862422243095 0.149788465462 0.520946071343 0.526133308153 0.327951504486 0.861372828771 output 1 2 3 4 5 1
0.401941463289 0.569379974590 0.696586887182 0.849456195523 0.363596128063 0.364230708285 0.559072921319 0.773576659457 0.769166353888 0.495972402956 output 1 3 5 2 4 1
0.705490108582 0.482672063948 0.436828233462 0.364146580781 0.943209650025 0.794816571315 0.143611247449 0.025543844511 0.153751309653 0.747016597637 output 1 3 5 4 2 1
0.390796834550 0.642557036874 0.601035210504 0.733513191656 0.001517528352 0.034279265765 0.369511234421 0.504146682176 0.356466764352 0.628122207479 output 1 5 3 4 2 1
0.935737811763 0.151901278834 0.179616608238 0.284096889230 0.863273034005 0.311908162687 0.267847512905 0.387254870476 0.656263394123 0.069162047759 output 1 3 4 2 5 1
0.666357972604 0.882407829241 0.192486697141 0.067754921693 0.202442596104 0.974506150906 0.005523273583 0.400791722397 0.183141480013 0.711750903602 output 1 2 4 5 3 1
0.393698255368 0.637737847997 0.601887249780 0.528399691371 0.020067398269 0.932762763029 0.330303905311 0.953918687453 0.466044729995 0.694795732618 output 1 3 4 5 2 1
0.331627583215 0.436813167337 0.290185089766 0.620143010387 0.049389990466 0.565570693733 0.763283923281 0.188106595306 0.732843941873 0.998665200017 output 1 3 2 5 4 1
0.292735078652 0.737546742746 0.569089239747 0.229609809352 0.338942223154 0.770133145463 0.160190819406 0.386543286699 0.483525196801 0.736659301740 output 1 3 5 2 4 1
0.162352085761 0.375811321703 0.983228241022 0.385638868744 0.664287122956 0.670876243948 0.413513465963 0.186778279240 0.432262524253 0.894463237547 output 1 5 3 2 4 1
0.521845416208 0.204945939591 0.173386433606 0.772730197806 0.604709217361 0.945225578128 0.787642870182 0.396384924529 0.452747382737 0.855700143584 output 1 2 5 3 4 1
0.448186540013 0.685182036199 0.067665136434 0.279927265466 0.860135430540 0.294205828740 0.860079261140 0.044270956543 0.859165623487 0.100975563982 output 1 2 4 5 3 1
0.475405301884 0.889730736441 0.211827140553 0.668868776535 0.257492535779 0.370755211391 0.815331456379 0.911646748746 0.807279962567 0.534387947889 output 1 2 3 5 4 1
0.679804155283 0.206190699607 0.355086063940 0.259206014701 0.875431809161 0.238005079925 0.134650427703 0.596449958520 0.174102026312 0.031745916927 output 1 2 5 4 3 1
0.761494575332 0.811901914246 0.663189558252 0.720035003144 0.097827887785 0.138200227953 0.093411864914 0.225064646679 0.607757516996 0.360726367075 output 1 2 4 3 5 1
0.152912088277 0.218520067687 0.940744047116 0.306165699413 0.693331394659 0.515590443166 0.199376060768 0.583619759136 0.381766820688 0.623916703181 output 1 2 3 5 4 1
0.315794935153 0.476078255291 0.485101973132 0.926083445628 0.031532521567 0.920054229695 0.800096697308 0.972114707218 0.979640422898 0.118454308622 output 1 3 2 4 5 1
0.136822238066 0.824072760013 0.601378132185 0.475773390523 0.781065058976 0.766944673080 0.440984528573 0.193692534282 0.945469208990 0.321518784921 output 1 3 5 2 4 1
0.978002285314 0.970297664249 0.941444665032 0.446450379674 0.401169109909 0.504339018321 0.944519091786 0.029117286208 0.345317433665 0.277756257977 output 1 2 4 5 3 1
0.783652444601 0.217544579899 0.208261561532 0.272634432085 0.016749754446 0.571984867463 0.145109854100 0.855290892500 0.069313140006 0.810286426336 output 1 2 3 5 4 1
0.855289821532 0.848782882165 0.101748396561 0.223517606406 0.424412842303 0.824151533868 0.089334164286 0.986217140622 0.093308178954 0.663654583370 output 1 2 5 4 3 1
0.200536406220 0.477447115116 0.103372517489 0.828487453110 0.096739559931 0.853711143099 0.851501008060 0.321156128605 0.144904439065 0.764040310827 output 1 5 2 3 4 1
0.237771428516 0.932784511033 0.918982604451 0.882910041969 0.823745926482 0.947868313932 0.893019250025 0.789240634207 0.852472059124 0.802341233485 output 1 3 2 4 5 1
0.049619422582 0.184587412812 0.535470174200 0.211676922267 0.491139879300 0.467015525055 0.129062556036 0.240604382470 0.125685106357 0.437580369708 output 1 4 2 3 5 1
0.903865069675 0.292378881986 0.123131059863 0.712327417722 0.138633708269 0.249314581018 0.723085154538 0.881988837770 0.126169189781 0.846488493286 output 1 3 2 5 4 1
0.473826042273 0.105651757348 0.582540347088 0.162060145628 0.811484639205 0.123794491759 0.637946247003 0.177749736095 0.620151219196 0.234030020533 output 1 5 3 4 2 1
0.596131220969 0.960004221715 0.098412642528 0.846821422640 0.415811535530 0.980956531975 0.844071071670 0.484443664419 0.925052927836 0.373247227388 output 1 4 5 2 3 1
0.766119492264 0.109142703933 0.189617496978 0.340248369609 0.513437319576 0.311709666265 0.732327904459 0.417283725105 0.017641261396 0.563817776962 output 1 3 2 5 4 1
0.209104155734 0.471518818656 0.919077553452 0.029679776513 0.656967129630 0.323850833790 0.338251663606 0.516070452449 0.102569712356 0.807071241983 output 1 2 3 4 5 1
0.947507831094 0.836845390815 0.117061306310 0.268911132191 0.570214183185 0.316040036830 0.101153529303 0.566911464648 0.141327714513 0.930390169264 output 1 3 2 4 5 1
0.153779350482 0.175917342697 0.595365632190 0.700361161993 0.894427777816 0.337025038235 0.922796146434 0.278242565991 0.678720578248 0.765298738029 output 1 2 5 3 4 1
0.943361104645 0.933490632674 0.643500098276 0.539016427474 0.338492689106 0.658847295577 0.804114020563 0.701175794743 0.948097453856 0.141337477303 output 1 4 5 2 3 1
0.129828825520 0.902176109386 0.785413907725 0.432155230961 0.985244013439 0.267967262170 0.015359979401 0.525809827903 0.983109872388 0.202011074641 output 1 4 5 3 2 1
0.912598586972 0.525298846096 0.930266620343 0.389494107363 0.357267161606 0.071516553748 0.086590409666 0.998522560797 0.180638691005 0.255927241681 output 1 2 3 5 4 1
0.993233012295 0.839855591493 0.599765489520 0.871360494504 0.433724198456 0.874717742128 0.721250666237 0.452703756066 0.641952230296 0.667286974529 output 1 2 3 5 4 1
0.213188845334 0.648005825892 0.151925597083 0.063874797114 0.356299611200 0.717988703115 0.524293814706 0.941636937858 0.357642614261 0.849427004922 output 1 5 4 3 2 1
0.830834726253 0.849896604462 0.414354387723 0.516624674656 0.073411722436 0.135486451679 0.228595490134 0.137628995694 0.354839802243 0.677423587569 output 1 2 4 3 5 1
0.691951656819 0.166606568716 0.313619851661 0.005105303387 0.268839029252 0.532507716413 0.240593356333 0.699647313167 0.756981432475 0.875386877472 output 1 2 3 4 5 1
0.803162210995 0.485448708451 0.188635708299 0.743684273286 0.301500957037 0.026809734676 0.952740745252 0.391477474337 0.162080983140 0.264714480082 output 1 2 5 3 4 1
0.958876536886 0.547415038067 0.188219603211 0.321420038963 0.492456602312 0.924154385388 0.950785658602 0.769487335813 0.531825396251 0.127049679832 output 1 5 2 3 4 1
0.696885211504 0.320413167116 0.895182755945 0.825126008840 0.677955190728 0.748454414285 0.705403519057 0.381570090534 0.496899169015 0.780564129700 output 1 5 3 2 4 1
0.499093743516 0.767859820852 0.689037913148 0.619265248069 0.782036290052 0.660750807185 0.994162873283 0.606929807976 0.766573219390 0.049490901117 output 1 2 3 4 5 1
0.973444701773 0.945839432721 0.549426420348 0.671335924374 0.737049941273 0.312834038025 0.413784998855 0.178538254696 0.448094516169 0.816841922706 output 1 5 2 4 3 1
0.406434026562 0.030346619443 0.549230166743 0.514491731446 0.491553659795 0.492136860271 0.063105571757 0.223062623489 0.984272076087 0.557886377585 output 1 4 3 2 5 1
0.847301418473 0.157466155656 0.095329429316 0.807828663238 0.402301739416 0.920659072190 0.354797887059 0.849645865792 0.087697044700 0.443567832530 output 1 3 4 2 5 1
0.126073095412 0.805890590068 0.363272285647 0.214338721643 0.112445061502 0.019856491772 0.707709760265 0.179658123088 0.698686942201 0.847014312480 output 1 3 2 4 5 1
0.246738856730 0.197895390509 0.755167967123 0.243565992587 0.424895684636 0.662600201475 0.748449126874 0.599949700235 0.931942824156 0.394647784394 output 1 2 5 4 3 1
0.323069984314 0.576265774611 0.988043276148 0.381864879358 0.085040825502 0.904875746357 0.143146728233 0.620728726175 0.041209292258 0.971833402274 output 1 4 3 5 2 1
0.226841302753 0.519469786893 0.292814293094 0.316183290265 0.246988627562 0.351673883992 0.688121066233 0.509491031710 0.731170746460 0.643318563978 output 1 3 2 4 5 1
0.376361894514 0.859787394412 0.799321507668 0.125389361336 0.805452956915 0.119755646252 0.032060083715 0.080329380496 0.526458277860 0.045051249560 output 1 4 5 3 2 1
0.273035277268 0.230359852945 0.449639790916 0.467501265605 0.406027795373 0.585843853888 0.808942939268 0.613877352230 0.214932216542 0.822450913609 output 1 2 4 3 5 1
0.260999086164 0.297058763594 0.959372069431 0.669020540503 0.477696762226 0.229413960771 0.591297348988 0.120844622074 0.389052308996 0.602878365615 output 1 3 4 2 5 1
0.221651458888 0.741052254763 0.975983728267 0.108776038251 0.128098729912 0.329496181157 0.581091337149 0.072700502023 0.107868176935 0.406171939070 output 1 2 4 3 5 1
0.496702649735 0.165987368319 0.940944411123 0.086199832057 0.329335944396 0.436939068285 0.050923916698 0.484652239222 0.885691016062 0.595779209922 output 1 2 5 3 4 1
0.569196965052 0.356072477368 0.437689768016 0.029016775507 0.069904415062 0.499453087832 0.702680624808 0.438453228852 0.100847066832 0.483442732314 output 1 2 3 5 4 1
0.780835286877 0.135604299820 0.672739708656 0.529181436878 0.077136570771 0.990577400544 0.919552044786 0.461974671901 0.729109289199 0.808139881523 output 1 4 5 3 2 1
0.899675240446 0.832608215650 0.797052096967 0.167674923196 0.064947051023 0.456093246343 0.973160458533 0.026767946063 0.443522094001 0.786031821127 output 1 4 2 3 5 1
0.847685394653 0.890840513781 0.657852828190 0.759819606658 0.336606067483 0.905601586567 0.826790045912 0.264141225715 0.066462873765 0.975589405482 output 1 2 3 5 4 1
0.920417770787 0.665602527463 0.918362209141 0.016735949468 0.671268665688 0.202591835859 0.205562110941 0.991376868372 0.774418144109 0.819839372362 output 1 2 3 4 5 1
0.654346169950 0.749814943421 0.631649987748 0.350493970832 0.864565204877 0.887385978832 0.335764568805 0.002851480463 0.490149334494 0.444442761265 output 1 3 2 4 5 1
0.580502183455 0.699589606385 0.989538765769 0.611234858761 0.955296951412 0.169523117436 0.296251152103 0.842395927541 0.271216142625 0.920100902057 output 1 2 3 4 5 1
0.450384521409 0.202432758740 0.734685659737 0.800262041822 0.816433919125 0.987642889954 0.739453710921 0.421864220586 0.340954769291 0.751173079985 output 1 4 2 3 5 1
0.853395609744 0.535111685272 0.869449968793 0.906820293036 0.715021565182 0.872951694783 0.042486539750 0.824989390259 0.483063131993 0.714350520896 output 1 2 3 4 5 1
0.950593172006 0.732117932661 0.764426677718 0.326005436103 0.429249674389 0.158898764770 0.136668550257 0.278667088701 0.493734989954 0.560290910653 output 1 2 3 4 5 1
0.833016113867 0.963195065812 0.055976243493 0.843304652962 0.207434100472 0.854145048653 0.757002444547 0.297030737820 0.831504789738 0.951468360859 output 1 3 2 4 5 1
0.854150153157 0.545754595197 0.414487885171 0.958920205533 0.476654268545 0.269241932910 0.824942156487 0.836966379548 0.970995536737 0.221347131036 output 1 4 2 3 5 1
0.792857057025 0.683942588845 0.995414578798 0.373684920483 0.882977569841 0.019733820704 0.049994758775 0.852288831062 0.666824866240 0.841252796924 output 1 2 3 4 5 1
0.026279853543 0.036039367307 0.006578590446 0.773507904452 0.962541980727 0.355041040145 0.884894530748 0.898015261209 0.169971372857 0.737816005916 output 1 2 5 4 3 1
0.919376004314 0.454039793517 0.535470732674 0.253230350370 0.790865251028 0.954510678916 0.726895473778 0.858656522635 0.402683990480 0.242680517039 output 1 2 5 4 3 1
0.923160527878 0.405431323627 0.558316034854 0.502641204527 0.467854810572 0.429378844814 0.459949543416 0.096989491935 0.761505515161 0.328042958219 output 1 2 3 4 5 1
0.151663185494 0.804326064503 0.141579303662 0.594813974491 0.973011796085 0.217171261791 0.537340334145 0.253398313478 0.901312971411 0.601431175573 output 1 2 4 3 5 1
0.646818610914 0.761531123293 0.284430401662 0.702211456827 0.638413127645 0.257530438738 0.209912189995 0.872826653037 0.106605854746 0.764342192054 output 1 3 2 5 4 1
0.551131000270 0.054615619445 0.440900132444 0.674832687133 0.607477040460 0.647897833082 0.200615366263 0.182534233237 0.968986909655 0.808549599755 output 1 4 2 3 5 1
0.057694640477 0.435188534075 0.268279976172 0.801960084238 0.223807019658 0.729132339625 0.530504048134 0.498444838432 0.378658725459 0.274357412558 output 1 3 2 4 5 1
0.239496538227 0.367306284872 0.788457133910 0.865086941178 0.027932023221 0.653302250711 0.826790839299 0.125582843852 0.744692137544 0.200650586846 output 1 3 2 4 5 1
0.091101737211 0.232889588838 0.148961347451 0.914164174067 0.671670344660 0.408296334616 0.527215430640 0.484333547106 0.247404421057 0.547327057229 output 1 3 4 2 5 1
0.901507773409 0.042053128203 0.631764280900 0.522746363482 0.821626053007 0.516189020935 0.122779384200 0.508635268843 0.419190923110 0.056717284242 output 1 3 2 4 5 1
0.700224690186 0.749174814789 0.791103752406 0.443292778659 0.851830569630 0.037164888806 0.424112405204 0.556281746024 0.339417545186 0.315651656050 output 1 2 3 5 4 1
0.696485206083 0.332290653962 0.800079402563 0.112883031908 0.438131794109 0.651679348652 0.128955601971 0.507943560744 0.672476679080 0.596698921500 output 1 5 3 4 2 1
0.160107839989 0.026108636986 0.020198375222 0.549306217641 0.411463093736 0.391738833809 0.642241217367 0.791136257968 0.881047258015 0.593967901865 output 1 3 5 4 2 1
0.536276112590 0.890276906967 0.317915395507 0.157860964521 0.788792159407 0.233563605208 0.378858829970 0.664816245568 0.344668305457 0.438411588086 output 1 3 2 5 4 1
0.428746074676 0.068328533178 0.414574266959 0.615057612735 0.068947006936 0.203189442270 0.178538557056 0.777370587966 0.231997195416 0.004102356933 output 1 2 4 3 5 1
0.600297823238 0.677403769448 0.593309437684 0.830241387875 0.043074504603 0.259252444763 0.423066916592 0.098698606477 0.880399296905 0.497456327717 output 1 2 3 4 5 1
0.472419010064 0.582101057930 0.748383538765 0.053484731163 0.409950558665 0.117005102870 0.430914583674 0.836633805626 0.500731701735 0.311463268409 output 1 4 2 3 5 1
0.384999923693 0.234164199817 0.627426600749 0.412775987603 0.244971818330 0.660712833238 0.738667348886 0.764428647755 0.744930670813 0.836343336215 output 1 2 4 5 3 1
0.880149484140 0.572705004571 0.483148910716 0.047503889298 0.914710300931 0.276542720855 0.862484964739 0.126533673074 0.061848315192 0.721906800392 output 1 3 4 2 5 1
0.473406854035 0.860461904782 0.130186666083 0.420744356687 0.642083382658 0.336453096263 0.969423661717 0.173045342720 0.604239662572 0.400247000231 output 1 4 3 5 2 1
0.228877185234 0.244983529302 0.035991034059 0.177734754295 0.928110218228 0.148869601613 0.551870625972 0.461740360140 0.623505330608 0.988844891889 output 1 2 3 5 4 1
0.921780368643 0.448335276348 0.307025571967 0.782631907020 0.441812053316 0.859660760020 0.622987871241 0.801718540656 0.242059840742 0.364115799783 output 1 4 3 2 5 1
